function data_zeta=makezetadata%(N_zeta)

N_zeta = 17;
data_zeta = zeros(1,N_zeta);

    data_zeta(1) = 1.202056903159594; % zeta(3) = 1.202056903159594 ...
    data_zeta(2) = 1.036927755143370; % zeta(5) = 1.036927755143370 ...
    data_zeta(3) = 1.008349277381923; % zeta(7)
    data_zeta(4) = 1.002008392826082; % zeta(9)
    data_zeta(5) = 1.000494188604119; % zeta(11)
    data_zeta(6) = 1.000122713347578; % zeta(13)
    data_zeta(7) = 1.000030588236307; % zeta(15)
    data_zeta(8) = 1.000007637197638; % zeta(17)
    data_zeta(9) = 1.000001908212717; % zeta(19)
    data_zeta(10) = 1.000000476932987;% zeta(21)
    data_zeta(11) = 1.000000119219926;% zeta(23)
    data_zeta(12) = 1.000000029803504;
    data_zeta(13) = 1.000000007450712;
    data_zeta(14) = 1.000000001862660;
    data_zeta(15) = 1.000000000465663;
    data_zeta(16) = 1.000000000116416;
    data_zeta(17) = 1.000000000029104;% zeta(35)